9206437807435622508
9189003231276778960
9185899973470662987
9176020269807905047
9162176545253439512
9159185786960563520
9102064816631271025
9101200391046293197
9100002893245362760
9071528077114940578
9063006191928224232
9057987961779710825
9043209840994096910
9028438795595940593
8999166908388634811
8979034048883260669
8978806562074793166
8969862258977690286
8968579609570655029
8920141452523714992
8916245964371120832
8880732599327653040
8862296784495763342
8855805363606052008
8836605060150802862
8820887660695065265
8817981315560721193
8813457130720091719
8802851560935842397
8794530648720390212
8790413750140559717
8777003053570531831
8763594416862178224
8742124569203619325
8733211032636236790
8728052682624938464
8721655257310654311
8712286177060869630
8699256826302226597
8678788438197257000
8644249980621144799
8635518245488385751
8626882665902614366
8600571686452277726
8598533853034199707
8575350685978215144
8534318800402750219
8506810108174157688
8502298320696429278
8480106925029295414
8467905640334213523
8454722174542832939
8444013018803681827
8437937488068732540
8429370266427680720
8413679909848927043
8397887865229780776
8397299707410250897
8396713615218550443
8381886702089542246
8374859123116870702
8346278456425853056
8329405079558647376
8304100907570743827
8286109232024146503
8271870709923798608
8238281804048536520
8237566347110938022
8185474612050373777
8164046721500860781
8139812302433558723
8132168082077241659
8082294939752435017
8078098656923302084
8027154787232038583
7985646117305285838
7970008098306365447
7953486533716082473
7929829684159844879
7926722838631343346
7923018726743542291
7886071410706125560
7879802708507741092
7858130803683046943
7815288856909190721
7803794976709858115
7781157997921300617
7773667109336532101
7769193073255793204
7671181717629293441
7646383061080338040
7638665157402677669
7630231132494939083
7615283846788117628
7613336338768492905
7607213125439768179
7602832111642755850
7580211628447048314
7573888374505384210
7560620782288133186
7533311761703428825
7513909110729049041
7496193940466371012
7484213338563229089
7482259176017363046
7461121059191693798
7417105382612706318
7414103080432119549
7412900528939911905
7392350288236612716
7380921201869469859
7380645630356179646
7371984219925713694
7355941194867716173
7337827432133219676
7316000864489839121
7315128808703815321
7308487379153803924
7304230395977798648
7276778440650110952
7275600719432751915
7254765870944738741
7242909535957051049
7242251866052359727
7203447679603245342
7203261220579167415
7191823225164637358
7175231648631017788
7162919270373370836
7162673449808190204
7148579180440723111
7148528982597826453
7089652191892796041
7087978102686779500
7079420944141586447
6964253121184405707
6959688125741107127
6951613475539444473
6941899205973991464
6931689585762163978
6871970618205303930
6815925086227655858
6776115970581673498
6759609384045358159
6752264764771412841
6702464711859838213
6643687421464774623
6636311023327703295
6617631946580941752
6611743334670525919
6608102090516499861
6586761146887619800
6547648974456581056
6530552195727877689
6529092936053213140
6515099957233986588
6510094586409487650
6458181921387249024
6441975770150611403
6426641998120870414
6426200259734209287
6415759521033378005
6409261464766779826
6392581326618569049
6385635682199688831
6373298258218135018
6353109039553675834
6324102138577660346
6317590117553419423
6314614319727514604
6305722906697794775
6286032300806807546
6268718864537614358
6254735705419273768
6248741473947087084
6218728680268300122
6147972224638845876
6129075286268803043
6124834284298615259
6123711615875832674
6098177601914212532
6090576244750021630
6076347406825427687
6045687890309861158
6004856993846770489
5941124121548108081
5921477021377957507
5794218726142738096
5759056074275008964
5753071913261298940
5688044956365710927
5676606772754997129
5669965288764797261
5617998987028295495
5595260721888060979
5593937363443579340
5580505573779118655
5575164294896700065
5553020360577317680
5525635347915544817
5524389910674212149
5514973636089601232
5492402090674167910
5431851312488705708
5343116191058940896
5290228951664131317
5270522380928174287
5259923099825368092
5251150836355636038
5241854262486161896
5239300288810737266
5235043619945212238
5228479534224592639
5214275898736330345
5211012245061649375
5189210996972851434
5173168325477573479
5167944119800944626
5124319583969631855
5108796888924637361
5103575067989092727
5097945184465812918
4966908984674880774
4961138161078802766
4904517933222526607
4862849473328561274
4842878236536998374
4835977194055230307
4813847390754182935
4766298219461901854
4765995148353902975
4757336257893365950
4713747390643124793
4706295017219059183
4671723159023257004
4582619027046777824
4580577367786679582
4564207577677725922
4554002710022991762
4541386166497815461
4536140192427130727
4523103097321144501
4503986683170908629
4496982427475153657
4492318214211108144
4421676406462980847
4408066409196033472
4400255485806493716
4393136161611510063
4385544219361305872
4367143662289617510
4355854943640457811
4293883123818858374
4290995091522674918
4288509434922060624
4281347223815179474
4277870921321782992
4264355971750032844
4247836440380361684
4235144625827804243
4226795254649698989
4197417564136322165
4183911017968977080
4151094780916652922
4145878964568251062
4126685493494052451
4113257676593500082
4088786955949251028
4082142074929592223
4064963391781371880
4047431589286060109
4044001553286888309
4019763939052438744
4003324493634088660
3977569589333936871
3967876023991203279
3951075234314110241
3921778693598509642
3915244081530122036
3845323094655938926
3825925534454353021
3799380903363123326
3798207754673786395
3781965926144653859
3697609832372585035
3684083876297646961
3670815979184845513
3653820754017981033
3653562134730343290
3649924543838159825
3621652512330492529
3606950589483030487
3593792566835467965
3585814045620158354
3569987227382885425
3524002854743561940
3523626393927054655
3518610556465306511
3492807509159234301
3489661165523930723
3484677472654682111
3476038736706185468
3457288538204263402
3448594152519441206
3397849912959564686
3393612125099253399
3390443104304989611
3390332407150415495
3354538467414005005
3338194151138167853
3325737773167707572
3312452821836036910
3262353830711583289
3248145885408115540
3213519586906574450
3211715695070764848
3198915789627144420
3197090364254796241
3191018414327063910
3173052396026074847
3166213163425891896
3151005082180129924
3143251701622552215
3136462168977343914
3118411616937723955
3084338699732946425
3068989213672369097
3032085431224047235
3027075839796015590
2984279014774373765
2971124889097612392
2949652661413667976
2908763425128230398
2896867287883741661
2894859544498822401
2868447136275590688
2854472182767094639
2809693207766721604
2801707720942949880
2793639815349656549
2766756187336749801
2713397386850847807
2631339384851989354
2627842349401254307
2626003579002060907
2569932168389068417
2568519167957957262
2554733218835388770
2522652574791564472
2513571320616713046
2483552732623583105
2461518803514543266
2448494774547556316
2412451747659844147
2381640894042236655
2376953903592850564
2364954618374619906
2351646500150465862
2351529513297203175
2342505987000542968
2325504825929328321
2315813306832620046
2314422222011617207
2270140553049062766
2259370938414815632
2242243935341997081
2232206198339494515
2228949115197993605
2221300700640231259
2212503649220341392
2200036371684980273
2174410379631482311
2170473790162637315
2164298863898736535
2135323196234550462
2085254237046074805
2054725950420372353
1976393932100551641
1960250760601918900
1959698499181242640
1955375278421653059
1947125012450006342
1939215469472408583
1934446606773256434
1905050206735786100
1882286301705351595
1863128689648169605
1851190852842459786
1829169810629927995
1787845339798413890
1766169771527604410
1753191774050626592
1748886043830243009
1738873320723522761
1690423782281333489
1665955766648809436
1663735270537077970
1647708281428699265
1634158908201368297
1623702902597697005
1615856507739009665
1596571384721706416
1574547915023900718
1539156066154074172
1505477113878336509
1469819194426293767
1433937313913519521
1384255323884906863
1361631123906294074
1347647886226962730
1345387330288967514
1330757343537719551
1318936462377640583
1271039110747985719
1219404172062872043
1196722058680904749
1175218510909318782
1096032815980045175
1079997463665521649
1069535210003922277
1068861215895284083
1068388734895973511
1041974536298636392
963696353414330879
948986862831350724
905729944180815495
900902092817460454
888569422159850499
886674376282217208
876675422455659649
861999759328368389
856613665236135357
856547977775495374
839658734960446914
836982101293290780
790922329671158892
782306944375819813
764106381171984598
760069175663909126
726737192353485005
710052193585410697
707830232023675932
673503471440182780
625025178363637553
607619247922822804
589677030528902237
580585535889027887
577883487301911835
577135504978688404
557085424125165034
540063947393052919
538176994462497412
530085512017565363
528491114560967848
480453385498603989
472111949376064918
469300828240758497
463676714492165749
455285287442027021
441680229043948545
438475864937605152
437689075444816106
428603016649447049
415883910705186538
402709266666925035
398208568115054042
393009505200905700
325935868060771973
273748471480571610
245294114158270799
210439540364460985
210165039589956422
202379366282977766
186092913996359796
184119203419144033
176652581134948329
171064846564009609
151859341326205339
134003123381009221
104899964235248182
84718592288586746
71102105733182555
60768339064172330
41178686949272315
26369648470639382
24429153661291535
-20862232578138410
-37720860178725687
-57639044493210980
-73113932105991529
-74363302956658117
-82909665593913265
-119374764605714577
-135406981692326532
-140684241228820539
-149115100346316243
-152377637635043807
-155245808691965051
-156197116580593399
-159886712765367482
-161944592422889609
-167820320606666961
-238132220110269208
-241825767271944206
-245118370604149355
-262625671395242110
-267834647429132412
-275846214045022447
-309726091100866140
-317351415038804286
-328837915996320689
-335090945474453456
-352662388741099872
-358328914924656287
-358648806022101170
-368549347959307784
-445808966661934564
-451909334372119230
-456046190858334332
-474524326433854262
-488226070626965766
-508744578791434119
-511162948310434365
-527138789564081224
-531301218229702023
-534943385812829395
-566307243415129852
-595694048359982200
-631566510479623348
-673095377783756094
-677240738955099337
-699641208004889343
-709990575518557403
-753359197545228864
-755553880879767629
-775929475993458574
-784920934162775475
-785746437081268587
-793833442414220096
-810000588370621224
-843521103873847248
-887388114120479626
-916054435266845842
-923012388696852843
-931414249945043038
-932829724397857834
-941831746705343177
-957194384031296415
-998598374313133152
-1003489667442644731
-1003496278743636000
-1034449147362158899
-1047500124168219751
-1057219336227584500
-1077834413909526586
-1084801692981026577
-1102905955622217622
-1170062554599014468
-1181311217217812416
-1213615098007977526
-1218073428610325468
-1218329142415240098
-1226179619717751558
-1256712316609463840
-1261136102158033232
-1290819903154820447
-1298704389359476323
-1348335889596597273
-1353427714388443287
-1359543064276950555
-1365045325455294304
-1381849039335699769
-1392143875896781478
-1407763639593327429
-1414630560150336832
-1418868125969394155
-1420093114354397909
-1422813176680504251
-1434875959585101668
-1449396000880039237
-1452547165652362873
-1483631343487574805
-1540113613004826182
-1549538647177317995
-1550630803860231350
-1552481540923848014
-1622908613980988584
-1631121118735159976
-1645307372145370155
-1648401403929278521
-1672428079832435759
-1708804890324034817
-1710539744890258778
-1720866708707514306
-1722804248940914948
-1768558268362610404
-1805567375444765827
-1829789688642958023
-1836029118585661222
-1839439052838245770
-1862129809933874106
-1867067772084247746
-1869158964168418301
-1928272193366995924
-1938372303648419941
-1952530314449164572
-1962329247986636060
-1982035132211693541
-2018078038511519812
-2027042261612158994
-2068648290515817960
-2090531382053339168
-2169476119175791359
-2171820285883937211
-2174491573716968867
-2183358981349196302
-2213088092730962743
-2220236369934910974
-2248183868205688073
-2252140388054163243
-2297695525218731446
-2359384645095694330
-2379907472879939683
-2403423680754887265
-2404503816810277522
-2418812897552271701
-2442376196220137831
-2450070176455828838
-2454828300164922524
-2454941897906335972
-2468729185125689149
-2470269931570168789
-2489323958903645470
-2499764408350354871
-2503211658545185227
-2537823549059887411
-2563465872825846592
-2577135929979549794
-2579893874541813534
-2583702842405856760
-2585604023363957421
-2592449545684466826
-2634037051126151791
-2663104565556294468
-2677285052460860423
-2696146212746655144
-2743050210673261912
-2767619696848686509
-2772640526586148423
-2863201876472793021
-2874322715741533379
-2878822120982133797
-2899520168223881940
-2900700653472035785
-2928604207284738800
-2930854639373263812
-2991172094713802811
-3001284288973969755
-3018823568548287502
-3045885186013069152
-3088094782670343924
-3111572009860361603
-3114261335882408298
-3122296194470687643
-3139122734648249963
-3171866350698171534
-3205677757095496862
-3220998510252244169
-3244451233007864636
-3281092692212434627
-3288813717124380945
-3291330388423191372
-3304287387715262870
-3306648551363258839
-3395536060831839060
-3474205423176671292
-3491754190104550206
-3496718001312124641
-3518630770155363969
-3518997401764023860
-3529859266624481992
-3588924953312675967
-3592406572497958482
-3620066432159700360
-3623144242854498262
-3630983432080520474
-3643314272737316111
-3658225190779833863
-3663246538749294217
-3686197356347167435
-3699682806317187111
-3718095803962498074
-3736473504488655019
-3738435168740166855
-3768743102035914863
-3787197108380806797
-3793732280712951807
-3811217203526805480
-3816323312366194750
-3824052257791460342
-3875141007670990511
-3879287674793930155
-3901570306100010297
-3925702274924239927
-3934168670628192441
-3991425647188081993
-3993621959007120177
-3996703247879666205
-3999090744265945520
-4000127723262256552
-4031024084912851186
-4037486278053006364
-4059253908572596658
-4069168922640659279
-4069275355726430265
-4103622390468661943
-4118430526348531306
-4165688840704899483
-4188733602268101727
-4231478644653943841
-4264872986320541168
-4275453285380971922
-4276220506391219737
-4280444064292915817
-4289317980957345620
-4294424383998358202
-4321784135020019490
-4332673437536703124
-4333885456838487682
-4362902657436674784
-4375212413818868166
-4392659993966246507
-4405361483889501057
-4409385520768203633
-4417335114840757494
-4418595978162980798
-4429099502379787890
-4474407638541328507
-4479743319646174514
-4501902495733735302
-4518370609058246122
-4525647636433485096
-4536242432461947588
-4540363720576991220
-4572228143639114854
-4576462261723513851
-4579469508103988983
-4688164224034004467
-4706343799615492534
-4741955717852926720
-4742035463812515671
-4765994245036551054
-4769371386743088679
-4771107561706199225
-4773519618337201028
-4778288159676072862
-4798723391784013053
-4809647459754913057
-4837870757836590224
-4868649378724552493
-4877913818247575846
-4889758843789449309
-4901077934142979201
-4937773408728568479
-4949083453075049726
-4976204989285568303
-5000246066196033864
-5007331909523412073
-5017157528944573479
-5037558209676663787
-5048010444444792412
-5090834172992312436
-5100448654890458173
-5175428950306064413
-5192442157173229723
-5197381222391056550
-5200189821427572407
-5202183245306763968
-5230280374953103031
-5250732634947604123
-5251382699279428285
-5273177679140005624
-5294549749754764371
-5294579350788870285
-5295658087463128765
-5310709691032677643
-5321283358074187359
-5324106269704554842
-5339821554441547415
-5341447592044445945
-5346985489679049392
-5359825727682920073
-5364126523466311364
-5406950891969033110
-5432802852421136683
-5452059856352555687
-5475920964871837031
-5491240524772720507
-5494693102070619541
-5511892047990795149
-5521466997976467893
-5523270158507029936
-5530327162775333313
-5552398432328230709
-5584600684441377328
-5606180030207281830
-5641888875815045086
-5646407903757529337
-5647476068016007302
-5649287162157573617
-5681386250471454262
-5707103045064710158
-5716870919878212561
-5759007823594083934
-5799957809063005756
-5801957411933198502
-5822505621679964588
-5828372722584000229
-5830559946991587696
-5833895369951383367
-5890368746356224173
-5903473835155114811
-5914925017104155593
-5952845314846106147
-5967391849865111911
-5979559128324698040
-5994042647993214849
-6019974841603211128
-6020307228396580911
-6022362840359737138
-6029498409301581397
-6035610367540619570
-6093301296420424549
-6122140379801343149
-6136468940912401765
-6138567147200024024
-6151094145958931473
-6151714965609598960
-6166632580539368465
-6203171625915382994
-6245692381812001012
-6270476991122931843
-6290667026603980304
-6327338862051912175
-6329479331160968000
-6361820123396610987
-6365005378838383236
-6388022520533407388
-6393749177870579439
-6409611773990216222
-6410245131952184035
-6439817516755283287
-6457160747505018972
-6500166174740546097
-6533442450963784793
-6534656543422381436
-6542676633310589973
-6561044005344800379
-6567180890637448032
-6578143655254197537
-6597716985191669110
-6608487837939720567
-6626483717368600459
-6722386045610736124
-6727054829039767944
-6729809326546962508
-6765044685015266601
-6775856096708145339
-6779478850895915618
-6794874651801776416
-6815087314901974790
-6815446025751506833
-6838491440258419055
-6855381812912089593
-6887125464266848546
-6888617283524668892
-6920052804974195079
-6930237211469683960
-6971915155376512383
-6977605713406771874
-7002570550559987932
-7004933330045446553
-7008047203383230815
-7026445086637652604
-7038963596879105005
-7041618528856341539
-7051865668560420475
-7093248944040296503
-7120742192022308943
-7186153489250416427
-7186245945772662586
-7193194681959231661
-7214941986966166746
-7222958202202304514
-7249384788026809617
-7262048542906996864
-7269377971032148842
-7276125340119762271
-7281564514359384655
-7286510663899001557
-7308411576900498956
-7349745439008687295
-7378002698682241836
-7388377078164839074
-7398279279815906772
-7434337543699525229
-7444653723062449827
-7490319663216450036
-7498801450679287569
-7515289580532900140
-7548054401529801380
-7609025494159240777
-7616801725606879848
-7630631712212303603
-7650422453221719310
-7653682707013796742
-7655472100377453238
-7688135658748974203
-7713693010080556643
-7733477309260973205
-7739875900540449338
-7769691177892369659
-7770749274693659215
-7784731134600958947
-7789316893637029694
-7792769229682268447
-7817246449988759695
-7836974352370133676
-7859158282115765130
-7890760600210883379
-7920882405105527273
-7925793951965117484
-7934651174591786923
-7958608606343027331
-7970181275194811539
-8007244891670717337
-8055285469480234548
-8105585502901953154
-8107893202738160596
-8126615192275217836
-8129416495414384050
-8158538040099323880
-8166571050262117468
-8181730903835525887
-8201899575851928051
-8222471346992998175
-8224589340114026771
-8256916128993399456
-8363867511853335042
-8375245596967768247
-8382326032172017243
-8384772130562784116
-8407401861630837773
-8466846084544763123
-8473623258603390614
-8509052084145489133
-8551385868305824040
-8587159187278575547
-8599155291383890761
-8613524700418018252
-8615517556244042362
-8616495407478332152
-8620454095911234088
-8631405569198118942
-8636829230203862038
-8646992538095497761
-8676118425028376677
-8684463649445103631
-8691472657511333388
-8708148422979565730
-8721992243735822029
-8747083752720794175
-8757806809599660594
-8761886898894702996
-8767023915856312182
-8785256714452993859
-8830838267515540551
-8844510351011037251
-8872068548322196481
-8892162300064408657
-8913612712015711973
-8913755314897384996
-8940866399311035699
-8968716430372138654
-8980072069749259979
-8980170829958064425
-9012097593506404151
-9026100998440261019
-9032627374303939330
-9049521373157874773
-9050175166841828088
-9064629084370470645
-9097620236454510252
-9112294209125638579
-9113219577888881036
-9130437197822086546
-9132899803120431328
-9163747548530171811
-9214276640299645400
-9218428308796995689
