764106381171984598
-4706343799615492534
-7616801725606879848
7148579180440723111
-755553880879767629
-5100448654890458173
-2454941897906335972
4264355971750032844
-4901077934142979201
-5364126523466311364
-1407763639593327429
3213519586906574450
-6838491440258419055
1175218510909318782
-5007331909523412073
7175231648631017788
-3171866350698171534
7380921201869469859
-2863201876472793021
-6977605713406771874
184119203419144033
-1434875959585101668
-5200189821427572407
-7002570550559987932
4281347223815179474
-6029498409301581397
-5048010444444792412
5214275898736330345
6373298258218135018
176652581134948329
-159886712765367482
-4362902657436674784
861999759328368389
1748886043830243009
-7434337543699525229
-6500166174740546097
5941124121548108081
-5294579350788870285
-4037486278053006364
-5649287162157573617
8880732599327653040
4554002710022991762
-2359384645095694330
-7630631712212303603
3653562134730343290
4293883123818858374
4183911017968977080
-7490319663216450036
-527138789564081224
-9064629084370470645
3569987227382885425
469300828240758497
3921778693598509642
-7281564514359384655
3143251701622552215
-1839439052838245770
-5251382699279428285
-5606180030207281830
2949652661413667976
5617998987028295495
-7004933330045446553
2135323196234550462
-3139122734648249963
9063006191928224232
1960250760601918900
3457288538204263402
-317351415038804286
-1805567375444765827
-932829724397857834
-2663104565556294468
-9050175166841828088
-1181311217217812416
-4069168922640659279
7613336338768492905
6529092936053213140
8712286177060869630
6124834284298615259
7886071410706125560
-4474407638541328507
-2450070176455828838
4580577367786679582
-2991172094713802811
1079997463665521649
7089652191892796041
41178686949272315
963696353414330879
-6794874651801776416
-3736473504488655019
6510094586409487650
-3306648551363258839
2212503649220341392
3798207754673786395
5753071913261298940
-7713693010080556643
-335090945474453456
-1057219336227584500
-152377637635043807
-566307243415129852
-9026100998440261019
-3288813717124380945
-2579893874541813534
3173052396026074847
-1648401403929278521
-2379907472879939683
-2563465872825846592
-2220236369934910974
-5250732634947604123
2376953903592850564
-7650422453221719310
-7038963596879105005
-3281092692212434627
782306944375819813
3198915789627144420
7079420944141586447
-5903473835155114811
-9218428308796995689
-1552481540923848014
-7186245945772662586
-5192442157173229723
-8181730903835525887
-7770749274693659215
-5801957411933198502
-1226179619717751558
8444013018803681827
6076347406825427687
7496193940466371012
-6361820123396610987
-6022362840359737138
-4429099502379787890
245294114158270799
-1540113613004826182
4536140192427130727
-1549538647177317995
-5828372722584000229
-8968716430372138654
-1353427714388443287
7858130803683046943
-6093301296420424549
-3658225190779833863
4582619027046777824
-3793732280712951807
-7920882405105527273
-9132899803120431328
-2027042261612158994
-5979559128324698040
-7286510663899001557
6314614319727514604
8082294939752435017
8820887660695065265
1947125012450006342
1069535210003922277
-1449396000880039237
-843521103873847248
-1928272193366995924
-8616495407478332152
5575164294896700065
-8473623258603390614
-6626483717368600459
210165039589956422
8164046721500860781
1361631123906294074
-4540363720576991220
2170473790162637315
-1218073428610325468
3211715695070764848
-1261136102158033232
4813847390754182935
-7792769229682268447
455285287442027021
-887388114120479626
4277870921321782992
4288509434922060624
9100002893245362760
-1422813176680504251
5124319583969631855
3915244081530122036
-8384772130562784116
-4000127723262256552
-5324106269704554842
7412900528939911905
-5914925017104155593
8916245964371120832
2868447136275590688
-3816323312366194750
-5952845314846106147
-1003496278743636000
-2677285052460860423
3524002854743561940
5759056074275008964
-7498801450679287569
1787845339798413890
7953486533716082473
-4165688840704899483
-508744578791434119
-5994042647993214849
-8007244891670717337
9028438795595940593
-4809647459754913057
-9214276640299645400
2351646500150465862
-5681386250471454262
1663735270537077970
-1420093114354397909
-4518370609058246122
-7769691177892369659
-8913755314897384996
1041974536298636392
3448594152519441206
2381640894042236655
-6765044685015266601
7769193073255793204
-2577135929979549794
-5491240524772720507
-5511892047990795149
-8980170829958064425
2513571320616713046
6286032300806807546
7254765870944738741
9043209840994096910
8742124569203619325
5524389910674212149
5239300288810737266
428603016649447049
-5295658087463128765
-5523270158507029936
-8620454095911234088
-9130437197822086546
-119374764605714577
6776115970581673498
4290995091522674918
4247836440380361684
-4769371386743088679
-3114261335882408298
-1084801692981026577
-2499764408350354871
-7817246449988759695
4151094780916652922
-445808966661934564
-9112294209125638579
-677240738955099337
5108796888924637361
3027075839796015590
-1645307372145370155
-1414630560150336832
-1836029118585661222
-2403423680754887265
-37720860178725687
2522652574791564472
-1077834413909526586
5189210996972851434
-7688135658748974203
6218728680268300122
8979034048883260669
2713397386850847807
7337827432133219676
-488226070626965766
-4375212413818868166
6752264764771412841
-2928604207284738800
-4773519618337201028
1219404172062872043
1939215469472408583
-7548054401529801380
-5017157528944573479
6409261464766779826
7417105382612706318
2631339384851989354
-7276125340119762271
900902092817460454
-8587159187278575547
-7444653723062449827
-9113219577888881036
-8509052084145489133
-3901570306100010297
-9012097593506404151
-595694048359982200
463676714492165749
-6561044005344800379
8480106925029295414
-7214941986966166746
2569932168389068417
-3491754190104550206
-352662388741099872
-149115100346316243
8802851560935842397
-245118370604149355
84718592288586746
8862296784495763342
4835977194055230307
-5406950891969033110
8237566347110938022
-4479743319646174514
-931414249945043038
2483552732623583105
-7222958202202304514
1318936462377640583
589677030528902237
3845323094655938926
3967876023991203279
3977569589333936871
-8767023915856312182
2164298863898736535
7533311761703428825
-5716870919878212561
-7193194681959231661
-5833895369951383367
-3999090744265945520
-8980072069749259979
-5475920964871837031
-2454828300164922524
-7388377078164839074
-6409611773990216222
-4332673437536703124
4862849473328561274
-6779478850895915618
2085254237046074805
607619247922822804
3325737773167707572
-4889758843789449309
5580505573779118655
8534318800402750219
-7784731134600958947
1384255323884906863
7638665157402677669
1647708281428699265
-923012388696852843
3476038736706185468
3951075234314110241
3606950589483030487
-328837915996320689
8027154787232038583
-3588924953312675967
-6457160747505018972
-6122140379801343149
3484677472654682111
-6533442450963784793
530085512017565363
7414103080432119549
1882286301705351595
6426200259734209287
3032085431224047235
8437937488068732540
1615856507739009665
-8107893202738160596
-7739875900540449338
3248145885408115540
4408066409196033472
-8721992243735822029
-2489323958903645470
2448494774547556316
-4280444064292915817
-4059253908572596658
7607213125439768179
-8747083752720794175
3390443104304989611
-4418595978162980798
2174410379631482311
876675422455659649
6608102090516499861
1634158908201368297
-8256916128993399456
-8684463649445103631
-3205677757095496862
-7120742192022308943
-2592449545684466826
-5000246066196033864
-6327338862051912175
6515099957233986588
2232206198339494515
-4976204989285568303
9162176545253439512
-1720866708707514306
4044001553286888309
-8201899575851928051
-1256712316609463840
-451909334372119230
5270522380928174287
-4409385520768203633
2809693207766721604
2793639815349656549
-6019974841603211128
-358648806022101170
26369648470639382
4496982427475153657
273748471480571610
-7269377971032148842
-1938372303648419941
393009505200905700
6098177601914212532
1068388734895973511
-4417335114840757494
7371984219925713694
6530552195727877689
7148528982597826453
1959698499181242640
-3991425647188081993
3523626393927054655
4966908984674880774
-8129416495414384050
8978806562074793166
3649924543838159825
-3663246538749294217
-4877913818247575846
-1982035132211693541
8969862258977690286
-1631121118735159976
1766169771527604410
5492402090674167910
-4069275355726430265
-7733477309260973205
-8761886898894702996
3354538467414005005
8078098656923302084
-8375245596967768247
-4937773408728568479
-262625671395242110
6458181921387249024
-7041618528856341539
3825925534454353021
6441975770150611403
710052193585410697
4842878236536998374
7315128808703815321
2894859544498822401
-4188733602268101727
-6920052804974195079
-699641208004889343
-6020307228396580911
-5530327162775333313
-4333885456838487682
8777003053570531831
-9032627374303939330
24429153661291535
8374859123116870702
-6203171625915382994
2896867287883741661
-2404503816810277522
-8676118425028376677
6759609384045358159
6305722906697794775
-6151094145958931473
8678788438197257000
-5359825727682920073
-8636829230203862038
-810000588370621224
-8466846084544763123
-7609025494159240777
8817981315560721193
4541386166497815461
-7515289580532900140
8467905640334213523
-3220998510252244169
3151005082180129924
6643687421464774623
-7026445086637652604
8429370266427680720
-8551385868305824040
-2090531382053339168
-7859158282115765130
7815288856909190721
2314422222011617207
-8708148422979565730
-2297695525218731446
402709266666925035
7392350288236612716
-2900700653472035785
-3879287674793930155
-3244451233007864636
5290228951664131317
-8158538040099323880
8728052682624938464
4503986683170908629
325935868060771973
-5341447592044445945
-1710539744890258778
-8844510351011037251
-6722386045610736124
398208568115054042
-5452059856352555687
-2899520168223881940
1851190852842459786
-8785256714452993859
707830232023675932
-5339821554441547415
2351529513297203175
8920141452523714992
6931689585762163978
-8940866399311035699
-3496718001312124641
-5646407903757529337
7191823225164637358
-4294424383998358202
-3630983432080520474
5241854262486161896
7781157997921300617
6415759521033378005
6254735705419273768
5514973636089601232
2259370938414815632
-6151714965609598960
-6534656543422381436
7929829684159844879
8396713615218550443
-7008047203383230815
6964253121184405707
8286109232024146503
1271039110747985719
-3474205423176671292
-8615517556244042362
1690423782281333489
2984279014774373765
-7890760600210883379
-916054435266845842
6586761146887619800
6392581326618569049
-998598374313133152
-2183358981349196302
8598533853034199707
-5494693102070619541
-941831746705343177
6147972224638845876
-167820320606666961
2766756187336749801
1753191774050626592
-3088094782670343924
71102105733182555
-8691472657511333388
7162673449808190204
538176994462497412
8132168082077241659
4766298219461901854
-4949083453075049726
1345387330288967514
4757336257893365950
5167944119800944626
-531301218229702023
441680229043948545
6941899205973991464
790922329671158892
-7349745439008687295
-6567180890637448032
-2634037051126151791
-6270476991122931843
9185899973470662987
-3768743102035914863
4126685493494052451
171064846564009609
-1768558268362610404
6129075286268803043
6611743334670525919
8575350685978215144
5688044956365710927
-3699682806317187111
-1047500124168219751
2971124889097612392
-4264872986320541168
9057987961779710825
-368549347959307784
3068989213672369097
-5321283358074187359
7380645630356179646
-8599155291383890761
-5202183245306763968
4019763939052438744
7203261220579167415
8721655257310654311
-5310709691032677643
6317590117553419423
8790413750140559717
-6542676633310589973
-456046190858334332
1068861215895284083
8185474612050373777
-6815087314901974790
8346278456425853056
202379366282977766
3118411616937723955
-1365045325455294304
6248741473947087084
7203447679603245342
-1722804248940914948
3593792566835467965
6547648974456581056
-2585604023363957421
9101200391046293197
-267834647429132412
-3304287387715262870
-5822505621679964588
-1867067772084247746
2908763425128230398
-1550630803860231350
-1869158964168418301
-3811217203526805480
1863128689648169605
-8613524700418018252
-7378002698682241836
-2878822120982133797
-5230280374953103031
7926722838631343346
4235144625827804243
4713747390643124793
856547977775495374
-753359197545228864
151859341326205339
-5967391849865111911
7087978102686779500
-8757806809599660594
-8646992538095497761
-785746437081268587
-6035610367540619570
839658734960446914
-1962329247986636060
7615283846788117628
186092913996359796
2412451747659844147
-7051865668560420475
3197090364254796241
2200036371684980273
7242251866052359727
1574547915023900718
-1213615098007977526
-5294549749754764371
5097945184465812918
2554733218835388770
-1672428079832435759
-3996703247879666205
1539156066154074172
104899964235248182
1469819194426293767
-309726091100866140
7275600719432751915
-4868649378724552493
-2018078038511519812
7923018726743542291
-1218329142415240098
-2248183868205688073
7304230395977798648
8397887865229780776
528491114560967848
4197417564136322165
8733211032636236790
1196722058680904749
3697609832372585035
1596571384721706416
2627842349401254307
1955375278421653059
2054725950420372353
-6888617283524668892
3781965926144653859
8502298320696429278
540063947393052919
-6887125464266848546
7355941194867716173
-2171820285883937211
4047431589286060109
1330757343537719551
60768339064172330
8304100907570743827
3393612125099253399
-2930854639373263812
6871970618205303930
210439540364460985
8644249980621144799
-358328914924656287
3312452821836036910
6951613475539444473
-3045885186013069152
-2213088092730962743
4706295017219059183
9206437807435622508
-784920934162775475
-238132220110269208
-4118430526348531306
6090576244750021630
8238281804048536520
-7789316893637029694
4113257676593500082
-7970181275194811539
-1483631343487574805
9102064816631271025
-1003489667442644731
726737192353485005
888569422159850499
-5759007823594083934
7970008098306365447
760069175663909126
-82909665593913265
-2068648290515817960
6123711615875832674
-8126615192275217836
7773667109336532101
-6138567147200024024
1905050206735786100
-1381849039335699769
5235043619945212238
-4536242432461947588
-5584600684441377328
2325504825929328321
-140684241228820539
8329405079558647376
856613665236135357
-5647476068016007302
1505477113878336509
-6727054829039767944
4523103097321144501
-3518630770155363969
8506810108174157688
-1622908613980988584
4064963391781371880
580585535889027887
8763594416862178224
3136462168977343914
6959688125741107127
-2874322715741533379
8397299707410250897
-1170062554599014468
3262353830711583289
625025178363637553
3492807509159234301
-6166632580539368465
-2772640526586148423
-4276220506391219737
-4771107561706199225
6004856993846770489
8968579609570655029
2315813306832620046
6617631946580941752
7879802708507741092
-8222471346992998175
-4742035463812515671
-4031024084912851186
-1034449147362158899
9071528077114940578
3585814045620158354
2342505987000542968
7482259176017363046
7308487379153803924
-5707103045064710158
-6136468940912401765
-3291330388423191372
-155245808691965051
-5552398432328230709
4385544219361305872
-275846214045022447
-161944592422889609
2270140553049062766
-5175428950306064413
2626003579002060907
-5641888875815045086
-4576462261723513851
472111949376064918
-511162948310434365
2854472182767094639
-3824052257791460342
5259923099825368092
5794218726142738096
-8363867511853335042
7985646117305285838
8626882665902614366
1976393932100551641
7484213338563229089
-8407401861630837773
-8830838267515540551
-8105585502901953154
5211012245061649375
-3018823568548287502
3799380903363123326
-6290667026603980304
-775929475993458574
-73113932105991529
3621652512330492529
-5037558209676663787
-3925702274924239927
-7262048542906996864
-5521466997976467893
-1359543064276950555
-1452547165652362873
-1290819903154820447
-3738435168740166855
4421676406462980847
2364954618374619906
-673095377783756094
-1392143875896781478
-5432802852421136683
-5799957809063005756
-8872068548322196481
8794530648720390212
7630231132494939083
6426641998120870414
8813457130720091719
4765995148353902975
836982101293290780
-5346985489679049392
-4231478644653943841
-6930237211469683960
-8382326032172017243
6815925086227655858
1665955766648809436
9189003231276778960
-2696146212746655144
3518610556465306511
-3395536060831839060
1829169810629927995
8999166908388634811
-7308411576900498956
2568519167957957262
2461518803514543266
3191018414327063910
6045687890309861158
-1418868125969394155
7513909110729049041
-6608487837939720567
2242243935341997081
7242909535957051049
5676606772754997129
3489661165523930723
3084338699732946425
6702464711859838213
6636311023327703295
-8055285469480234548
8699256826302226597
6324102138577660346
2221300700640231259
5431851312488705708
4393136161611510063
-9049521373157874773
-74363302956658117
-6971915155376512383
-9163747548530171811
4904517933222526607
3338194151138167853
-4321784135020019490
8454722174542832939
-3787197108380806797
-3529859266624481992
7461121059191693798
-3934168670628192441
-3686197356347167435
-7836974352370133676
-2252140388054163243
577135504978688404
7602832111642755850
-8224589340114026771
-3620066432159700360
8855805363606052008
886674376282217208
-6388022520533407388
-8892162300064408657
5669965288764797261
-2174491573716968867
3397849912959564686
-241825767271944206
-4798723391784013053
8381886702089542246
5595260721888060979
-7093248944040296503
-3111572009860361603
-2442376196220137831
-5830559946991587696
-5890368746356224173
438475864937605152
-631566510479623348
-7186153489250416427
-793833442414220096
905729944180815495
-2470269931570168789
-2743050210673261912
8635518245488385751
-2169476119175791359
4145878964568251062
1433937313913519521
3684083876297646961
7316000864489839121
-6329479331160968000
5593937363443579340
673503471440182780
1623702902597697005
-3643314272737316111
-3623144242854498262
2801707720942949880
-4741955717852926720
-6775856096708145339
4492318214211108144
-7958608606343027331
3653820754017981033
-5090834172992312436
5251150836355636038
-6729809326546962508
7580211628447048314
7276778440650110952
-4103622390468661943
-5197381222391056550
-1829789688642958023
-3875141007670990511
-4579469508103988983
9159185786960563520
4564207577677725922
4400255485806493716
-3518997401764023860
-2537823549059887411
-4778288159676072862
8271870709923798608
3670815979184845513
-7653682707013796742
8600571686452277726
7646383061080338040
-3592406572497958482
-7934651174591786923
1347647886226962730
4088786955949251028
-8913612712015711973
-4405361483889501057
4355854943640457811
5228479534224592639
-709990575518557403
8836605060150802862
6268718864537614358
-1102905955622217622
7162919270373370836
4671723159023257004
4367143662289617510
-4525647636433485096
-8166571050262117468
480453385498603989
437689075444816106
5343116191058940896
-2583702842405856760
-1298704389359476323
-6365005378838383236
-6815446025751506833
-8631405569198118942
-5273177679140005624
-2418812897552271701
7803794976709858115
-4688164224034004467
5553020360577317680
6353109039553675834
-4837870757836590224
-7925793951965117484
-2468729185125689149
4082142074929592223
-6578143655254197537
5103575067989092727
5921477021377957507
2228949115197993605
-474524326433854262
4226795254649698989
948986862831350724
-7655472100377453238
7560620782288133186
-6410245131952184035
5525635347915544817
7671181717629293441
-6439817516755283287
-1952530314449164572
-6855381812912089593
-4765994245036551054
3166213163425891896
7573888374505384210
9176020269807905047
-4392659993966246507
-4501902495733735302
-7398279279815906772
1738873320723522761
577883487301911835
-3993621959007120177
-4289317980957345620
4003324493634088660
-3122296194470687643
415883910705186538
-135406981692326532
3390332407150415495
-6597716985191669110
-9097620236454510252
6385635682199688831
8413679909848927043
-20862232578138410
-1348335889596597273
-156197116580593399
-1708804890324034817
134003123381009221
-2767619696848686509
-957194384031296415
8139812302433558723
-6245692381812001012
-57639044493210980
-1862129809933874106
-534943385812829395
-6393749177870579439
-4572228143639114854
5173168325477573479
-7249384788026809617
-4275453285380971922
1096032815980045175
557085424125165034
4961138161078802766
1934446606773256434
-2503211658545185227
-3718095803962498074
-3001284288973969755
