3069070695162935616
-8375015264221061194
-8123863980203856023
2870854890332824351
301424121466277322
5298320491756179891
-6017466658636806853
4427339314144205758
-3550895152109428654
-8523159837642606210
-2439290764056340455
7381993724811653365
-7312695126446833664
3254803613684000000
-5364557895567262443
8412837996773884328
-6179716177376920462
-2827704293987362377
7819222392205057269
-3674017892489852530
-5984358493532422090
-5952707067660209355
8896385723781068469
-1049991320169928781
-4451695459369387181
-1634591195679518304
521731262751502851
3481897668575687928
832555226571070913
8521475769692100657
-6132852610746465854
-1143266131155522930
184102655852437996
-7628816582189597771
-7350425833405229432
-1964822414766483329
-8680962019567884491
-7615349594761453297
6369612094918926623
6062969075058240549
-6884215734738723727
-5776185602998219852
5504097251042960647
8293488281446909617
3213798931200883304
60937828391148589
4656374029207345907
-3743093350710352987
7279277528636837463
-2722473293561192808
-8976580632670149816
-7671556465385730214
-2381903868605688721
8236645275578624296
-5676417831763195743
-2959579573478904453
-1678194441320603053
7784667999765613217
6933209343506321997
4405864824199843720
-8747739338237206114
-8654882869537371939
-3198899117682006321
-8447667261769737387
646986754963528283
4796238082590043977
-7714812846211989923
-6806145131084185208
3561358830648364427
1961635431096053096
5936278974942225762
4425541899495883806
2364386720012787619
-5063625970501647025
-6264984028983062787
-7251065104574116634
-3131577562094005493
3690617822150887975
-7881157630155294848
8132715203693859844
-3651044116596731232
4172602384247500463
422483803858671345
-3847343433729550736
-7614636847269426126
1949042473276203960
-440632701710769268
-6636786507188151179
5144686368710892295
889308593008445095
7221340850595374143
5321149918788440114
-3898949021089168810
8090791020625911798
-436148367556488404
-1716723035123276772
-7261027788455118899
7437976695875006898
8400641383291015211
-1194751901987960454
367021113383812620
4117585380509783550
-2637928859013192891
6823652582265878248
5120956412428275496
-2133348147506254448
-2713993809375686854
6732373029839175381
-428433640098506967
6046903892820041263
9215377941714121724
-314589272087857660
705119275060297355
-4200496635701960389
-3219324404963999438
7037706666093505039
-201853676537887551
-3422444995255442907
-7690113600189744970
3644527054128572383
-1542075320158213459
-2160943126676312846
2643956365107675415
7379900680229753397
6975730716559306026
367362611857517756
-979881673260201960
7794235729493821477
-4414593446127595645
-1888607154879907279
2737513046543316271
-781266880302572650
1087124081253692920
8000037041327421970
1636382166119492615
7357471551697803203
-3305020789840981952
6804669125325048757
253967296401497854
-8347359692008237124
846725739379561474
-5714430236774168700
405723456012710312
-2408453093287727898
2894351313952491355
-2943500782846292612
-7999301230411994294
5184345175423489399
-4170528571316151461
4449014709519066031
-669698328457365153
3173312533071348475
-1630450060812855673
-4141434548371299134
4997379969199161879
2428209512673439954
7259734967104474969
-8773699839008489872
-7818943002743224621
-6742935978870338897
-4957508668662630725
4302953696280608773
4109557968857093802
-4360959303072144614
8325076246628643472
-5612139408245114653
-4884248110368714520
-1822256113349658129
-2393963841247721428
8955448883257681664
4561116367913940873
3704703166305325789
-7106269928220485930
4443966932673983846
881461860967092674
-7932831824256295959
-4346173996335373747
264579007695276723
8357117667403030137
-2974827215178800152
6511070374933114176
595452334597449622
-7552307208728963384
-4293592068946550520
2000163568038061013
-7686142266666511016
-2997233083015217026
-8240897627999320249
-4944541342088571357
-6477570207659875248
-7492708311471583075
-8447829535631003910
-5123811707612052809
5942873554323946094
-3845005540792164899
-1637949225000285368
-4871641959391317741
449004533031186865
766794861746119464
3803218525514477741
-4764833274567959510
321303473773037233
-7352831130863791588
-4879184212242764936
-4173084392607519514
-4785865689137555690
7600937448778741132
8276486924576332
-1497431177903127389
926032374212456478
5447970978704172031
-8680467278363320157
5197266496808884145
-8629058547452236517
556572523447796272
-5248422257825417914
1227121490903816149
-6046285611478129165
7984591771484001676
-8969530468748676906
-7718472170238021944
-3326647414237155937
-4516601102280743241
2694130463297091655
-1234164751521036105
-8083717989251243860
-5832087014658886649
5175528629476851551
7472434925165686465
6195741929583608765
-446625929264778233
-9077445089968517316
768382478868377980
-2750936034366737914
5453669784410630134
5861734586236493003
-4708736683195636879
3028754989824400339
2509815533092159046
3615775568773050194
5157427445598528411
1201228415152854271
-3774487447296588515
-1693166003571337497
-1092013379812345876
-4553591965135260803
4865159307186367703
-8984505114099846410
5040402696940058569
-6130742391684661805
-8753362245442676094
2901194269672671422
3041524662135408265
-5075964159754360422
4144310268285586016
4549449772862286293
-3080551995232576007
2739333998240999935
-2585836681946103191
2818291184637602464
-5344804572266338085
-8427700732354539963
-5990586703611112250
4168844546011556060
71402333305744738
-2751236600731815871
3659081915162260055
-9015262652121079272
-4629312690492700745
6610893873199477469
-1179927806096061138
4312565687151794744
-9099039256203692936
-449663443977744235
1617941545191033618
-3421927431289318924
8602994681208302388
-7477362098296882691
4774032668875786237
-1749615127524504234
-7276812521204725520
8405453700650943545
1207577299991750814
-5721032470270219712
-4948857386825250139
1776346287566759811
3873169077714156760
9059502241453754084
-5805803593811339329
-6620434846494585432
1399159898925773377
-8502196630702065590
-5208787395628442465
-1845828640855232373
2636419158086407844
-7088830652328914739
1409794240869692698
-235761713618040671
-8220022797721113984
3111465676420839070
2321033002943850233
-950393920023442572
-333050279330167930
7485348092020689472
-1652009924122940297
3433477492315716129
-8683925483788402914
-3207241146498573046
-1272420847780639034
5782178694194069465
-3867245804445809437
-6968108372811712600
771330279939690634
8003837177403662435
6213357117536590114
7306997169713295515
-3642507982883477412
-4756707008029264232
-2848895059879133344
-6052054930101562700
5935078324333988680
-4164161651113835802
-3699370820388442927
-4427283577278868579
-7123701834409490609
-7455062571480774194
3572456999893175009
-6854016640997156272
-4452917542482448922
-5338072052717993369
-690038513094309457
-7874171982472522339
-5531982835671675275
9146999198148678872
-1728913807732718963
-6608628559954124119
6462907747626811610
-8717672051999004447
-4807599780783068542
-672933156226366614
-4162632749907263517
4485487124872266835
-8998337307617553208
6722581859384010028
-6936410374558919721
230873502225906067
1109174511627797838
-1738757955694201074
-6244093105288491794
-3157835128790276581
6025206453945914166
5060516740460171398
3085047343916584404
-8817928905799433991
6906531119464192856
5060115955255175129
4824671540556572202
-7360819718969231025
-6446722822713310530
405531323189319844
-5758482833721885435
-7775151971986922287
-7316690999802197722
-3134785835376248234
7397318521600723821
-1750226992457531830
1159075150168632195
3357328644607510195
7102856268711225055
8210619939405214743
-2029108483384289668
-6572842634536546222
8920640310283819980
-4353796998120536406
5131867237969602796
686206566467914016
-6102038908709480424
6737543394156017416
-4704068865072888224
-5346018552094025508
1839134425057781148
7625401518560544076
5401203445462858140
5062103946291119000
-8965964903625493340
7583577825408696098
8037458178101995287
-4458567715345244098
97118258753910385
-4417093341698630068
-3855104793320452230
-5148094250475561207
-432446166255810632
2418017824453736225
-5235532333800824284
-9064741569010671608
2395425406287981345
1500118219027576585
655479087166693289
-9217733182850754146
-6061126743385533495
8081909056733688578
4529199969620184142
-2132324474830123259
-8774176659303268416
-8809099234707716578
-5283305996288920945
4368065658061313734
4278767464549229196
7937125003308793859
5398372808606954906
-1305346506019425982
7531001959622713252
4163382398615495529
8521787967494108113
3446655603077934892
845939141347874038
1564169323974538400
-7845327069961668276
8020269030212937741
-5038468938220276382
2579373973307791367
800881583770780245
7876278233154863295
-3704237378878885059
318829526434611350
6035065643482303978
-8609294152481259021
-2243413513545237809
-3002859941135503787
7326761146665304126
8793576537620905643
-7117789466731889451
-4663066072737153821
-867927998958234312
-4458530290671842624
-8831898650673919745
-1822728956353756688
669003916317958898
-267358522469023395
-3397588833704855437
2975126535439547331
-2795316850402251717
6042843934699985794
-6981253700935292855
-5520865819376267340
-8964075461722537194
6691342224697923202
-7136423440761043956
2139355183367018675
4686343534213462841
-6415755218945316219
2791184389129314367
-7033629117596482112
-1234941958514316145
8842376031457104135
4224656061674874070
6839567970859731056
4179580125292692918
6007267742366473047
1787262755594962873
930896842967470959
-5196817488422015358
-3313702481482819303
4888618855453546309
5411965026058381560
1510171484790209144
1788205153210977988
-5746927583137360694
-4822755727784527521
2362291164789549908
-5219640864050267099
6188533079798243086
523928648415728007
-1761540179407223933
-7720527074329726245
190517175629868232
4807747848035178860
4147287197058836650
-8530854715288306472
4732996508612663078
1306815284603282075
-501975518362970595
-5280085923656297754
7421438995846542407
-4861095810444998987
5139135693577690984
-644170563638910176
5996994220239634882
8040919673633609200
3622924453337563850
3611907375148017524
5762497663368748830
1307427817088259477
-3213661653430449227
-4750776003377951704
8714550894424103000
-2464880849468322173
-1576620208337582768
8207454953334335058
-9026984313800327072
5505520587672169387
-2655603397188240139
-9004431598173930913
6061928496502512539
-4257631282829285230
-6418552037715798861
-3776611902890274163
-3229618064345195934
-2819494480177541166
-2773522621641546292
-6846402874486397584
8891573606565471106
-3277490131915388519
-5877271415165832392
-802018904601637775
-3541635206375805253
-3937124841767323096
-6671681123571749855
1464740771162196554
8654984426847989569
8184376487250636885
8999256735803932261
-294723928445918837
-59282578845348290
6965931540362716169
5754195000533399832
-2232185338526647527
5178538348087670094
-8057967118688533309
8962990366304272127
4870453475807141033
-6025386871163098879
9039089143285733396
-6570813185006253803
-7700300242246045879
7707078021858243420
7187243412301834273
-7671343700103759606
4945458876671137240
5319433243439504984
-5465121919365807580
-4476934793780347969
-3978977958181481591
-3971283765415068062
2094987447449601259
8241756033558657995
1484384195293676132
-800950297184449318
2974394385234886488
119291656553931769
-4868292831474116155
-873297459639627116
-4837395189446402337
-8320781398462959160
-878117255160167205
-5809782724436811175
8973909846796299787
5405021727356917737
8552973405543647530
-7752721170608151705
8789037213156844281
6891636794126725317
7143535693987642634
4498125126836808685
6222386003234667995
5399919155361054965
169362415739145765
413667751370140560
7656032804372592502
6421438904966678984
-9031690578558363651
-2959090110653143575
7522024066888990628
5788155702315543488
-5914839965849220508
7818028625601789189
6851146577634380755
6777209521546811669
-5023909869823467519
36386050929888227
-989681726769547899
-4437782626379311056
7891481940490003666
-3442079386971729670
2775221281030351054
36068485391816241
-1357818290516456283
6333845705572116656
1974230107508908761
7713008400418212202
-4598948344040171107
73640956684179428
-6768725833978396573
-4831140595615013918
-5110457749892345165
1874996156581570149
-5549582290653307842
984060665825613268
-5080615751747696077
5914259955648514424
7215263107457220048
-2801225218034229203
-9028774304612092869
-6888811606151389610
2819462663955109777
295617316984944401
1203244386475429183
8240462294272357547
-4246084196566919791
-4829852043320904618
5742062467565932680
4049495507291089177
-4315808087175021585
-2727902765802137081
6206137165753106096
-1424843833339015245
-6851186314908379805
-2377660189737687838
-5783653545783184345
-234857663570219390
-8302870621358247499
2361848903806021339
-5760510671714791503
1519146951901612036
3366916438963483715
-7145362437134212713
3854863070239762662
-7022621334084880985
4403803062698832511
-986254490656016142
-4615485944903723343
8506441286174610003
-6733397190439738769
-7419069793478290055
4639307842091926994
4601763984866391261
5182641273157835052
-2291283177452609807
-7993211057277427876
-673173503474189675
-8421636230011545245
8589961756975511246
1748707512482463543
-3474624357815295559
-2259842444549017129
4874374059068783293
-5653902884141122913
5947383710117295103
2023064936963501021
1106090359375173402
-7200270513904453981
-8303141369065160433
7083904628894894558
3023730915883477370
-2976787097596801369
-6691162061173069561
-3035296550940486184
8177863906071261987
307238148610771682
-7507633255332382987
-6578451639187963938
6177221823615294351
-5914398640422541599
467121399874702176
4351853402928663699
5950622237982425837
8804773023540111362
-4540338340266551616
1194004261713122227
984487657917703328
-4981985994625825798
-6061967949783292927
-8280969192552886645
-4925030276165203522
-8835553041890355376
-674047117356158203
-8934706751811815812
-5597545569915057262
7202393245739494367
-3480799871815965921
-6499342115156626564
1457908822224315930
-8093479996296753320
467850931809688
6341824484179073684
6016291305150536329
-8183327922486232643
8010848940238303277
-8261955131691516829
-2230239508870372922
92917313935426536
7807915737371641743
1739925660510831513
-4724527266890535188
7687926571946307074
-4814970531338880542
5655441271520322429
-3460643635462127160
-5353311686531566068
-2326514143666048706
-4802299635211544984
-4769983481854686882
5910517516456476249
-6842978790361610703
1642667028217687112
-1567392907347257755
-3851231947125554158
2739612924524681788
9000613718498617630
-8906107003259314746
-2969859225612294735
-4010603588741086639
-3889972727735012480
430071755019406112
668575771634334086
-5342638901562719908
8971655940707783448
8911489826865734471
7487562515350500405
1500461387183035063
8869881308404825890
-3470322306982529343
7838065213731233590
-8383040211810057037
-251612201368191758
-1229012224390765496
2944008772336246612
8011408578235163414
8926268543313022572
446146891358956362
-8944354394781398225
-8756516831660625512
-3941000252197883766
5510648154518589036
-2384647373418704454
5185871732726412901
-834319971367163430
-4736837763180100093
-5640528351800233795
-5821862411534543714
349572506312517885
-775689675758239079
1504862364903504724
5727262840627869400
3672124739265671978
-3692845613248544914
-8281035319014363026
1395681931583932827
-7400795955122969944
-3137319389854407435
-3008462133501615793
3290258705455973860
2702486925534278999
-6151837992254932142
-2344659431367268338
2047400203264494499
-1888413484293444824
4034035606167727331
-6731203913604649448
4828907977497218110
-5902934779971079008
8013506277649160372
376402097533158059
-8322524062004280052
8535397148353130842
-6750820443445857015
8825767539671957852
-4932389417269409317
-4423010939735474558
-5150383611205598760
-5801185226865031023
-8514672377667887253
-2853844700736875174
-8106771069335942324
2795848592454402056
8987556453722007025
-8540665723277952584
-7284928545955414973
5261144970565054286
7024662184965657493
-2667277476289628026
7330346041007734993
1969768969100633161
-5229193252783702284
-2046857140229294527
-1090849344911984453
9142625772500085167
-1531101701753898594
-3517620120074809989
774575250114017789
-7647410457717650036
2806113937134402201
1536123921026645338
-6610926899946413243
-5897560940364924992
-5475470777099118372
-7634087169896306666
-2955586914058371467
-2694041499429433217
5040410437328180693
9138844826422862206
-3914783183230700763
3990874786230236879
7070335305636313060
-8113245943469814412
-2344684292133746402
-5834610770343016691
183898641239930077
-7693694078684475796
-6404939945186182432
-504585641641791128
-1492147631599670134
-5075662643678166031
-3494668210314438627
8363539783939498085
-5022794869780090073
-8266176217005483743
-76612228552411076
8185769652588883801
-7600508231114167324
-7833242031090457812
-3807634754679407401
-9167603004896481038
-8703674109386165401
7549791762179903448
4039158218043073597
5415926975766300079
-1692719905698784697
-8007223716026801152
1400234558706134000
-7040586108695084445
2802310991335845778
6305847120672197136
4352968211904922408
5770599525437220534
-1794061051794597048
3841167949409644683
7295869637692984655
-4160541648194215004
327114659996879069
-7134965237031815034
2789348444114580612
804950457748402684
6648038025064178107
2350829421888369706
5491673066861644824
-8892029901001377566
3393371963926878142
7756522957204387125
1760502882690695955
-7819310852684299187
109712167243300790
-6599545424717567110
-2154729326267291984
-7084794699430720630
4921971205828279272
7410833129486799708
-3380440000119835428
4978447829007779767
-4827535166760061298
-5806365221234379689
-5466181941802582341
-2745472633537586615
-7357956616129090478
-4870398873935630472
-2323422096001524957
7471519823888630662
6405944158333929175
2401337697348312544
-4101540021473613536
1703109106635548940
3288282874731759408
492322587921121092
-8654977224911314322
299120112584502344
6809889540925702247
-2908081746760828816
-940286423074701822
330912409535566080
2708246816238658040
7576310825732907455
-5594200898347244926
7633436647861924810
-161611520999550381
343756780024014245
1129256195219007688
2272706261253476498
-1643478864626919075
-7681986034501538010
-8947285281930629533
2694332259050461464
3046620250676091631
-6760367214947243940
-6097971397018699755
-2057638558267483281
2054332107572044118
-5852148829338416908
8163551513142273110
7491427607911725184
6266365946788493265
1062462591160595633
4864482666697616847
4394530897207061125
460446331433374999
4068461137711294952
-1443211684751245855
2542427371491138446
8721738745135977934
3040928593591156739
4158815644314291996
-6090882248638002177
3077167834270648085
-9086479724840471042
-184296317070417976
6351256695892756752
4300601093814305019
9134744614743822573
-183190821072210849
-5899035429816159412
2419253887672537349
4754348374381972084
7855604187168123408
6511730205625586962
-8276993402267781972
5324945180250083149
2552534578048686398
6832841145595070743
-820093370402020388
5885300524035247558
5145789822962943999
763228213501636834
-1274030178577192073
8441850928890074176
7183473865769790622
6564048386030517071
-8414733745016596528
-5232166425581551695
-2186256245895626726
5108171186841828109
3315088888704069425
-3440297871684109789
-5212660655396151131
6677480923346619680
-1238785436677243819
8353897608306428211
-5742303987515931611
1393233893015064415
8680113326448634094
2107472665449442451
1207048819784661686
2472236164651280119
8080542650618832928
-4457153525665936248
-8367394734215069403
4282111567836255974
-1972342728806600444
-4625723895354017684
6980094315764949879
-8497830700207921535
-675360213597271770
-5033882786734050003
4292800557876375392
7884222770235578350
-1741965579618132216
2356200592126401484
-1323961575868369203
-148681521354903893
191361562005533853
-8558798004522088480
6865514484218585691
1190533181172975109
6409531024106232270
1612636003367917072
2835236526726484957
-7791421653187283038
3165213028649694969
-5807001217539886436
1282618353154398425
6271697910862008824
-1426278851529382035
-2037930057285240875
8994033212971576588
-9062456280699347245
2652782172848907247
-891402520391344991
-2565557564217815838
5571685194313087443
5789441498678869303
-7070515434562325768
-1958727260034770946
-3920631499438459157
-8377068547673512332
-34665629883550103
-3130844583021526088
-1823387828979197724
6227056155522207684
744285950241548950
1614743962069654938
3814445496288712664
