-9217221880493383856
-9194936801886259588
-9191958910040177831
-9188709033852847252
-9181906766101478336
-9172544049398629675
-9131570527256322437
-9080077811669523031
-9060682681312338047
-9042582271509215006
-9006588828150127637
-8990975269059688586
-8972074287892105122
-8954971068038554394
-8946020922814820799
-8945285288198493967
-8940327026518421428
-8918521302305586179
-8879964937980843240
-8863755396126849258
-8847163236284674758
-8829671644403902500
-8825257478615004870
-8822150367162817554
-8818613239218757721
-8810125584732986650
-8801471465724285600
-8801370118519241553
-8772368818512275450
-8757118084486896934
-8708581381983629661
-8649978025292683087
-8640364547765302370
-8632476370889758645
-8614066221922068752
-8602313212590780872
-8595349353638261807
-8594029042640700937
-8592862190888379607
-8587241867294620422
-8574003001644999647
-8507647371799248508
-8486014286011284400
-8478020061771728501
-8454651721374441878
-8421150139758385020
-8397295097889604440
-8384386597365981605
-8347465734162010341
-8329303519832914928
-8239685215432265706
-8232279868250159800
-8189218342609992380
-8174261253793151198
-8168374016561324523
-8139678529875148613
-8105351948950906367
-8100804841846673009
-8071375040480835871
-8067281606241253864
-8066171151098370527
-8049091144178021444
-8029210765517481713
-8008931822288346261
-7970168374715620340
-7969579293301977842
-7964134873330852925
-7952007109263936468
-7945888431904636901
-7938343590482927031
-7937826709506911384
-7906381254038881485
-7879716607242445617
-7879245827847506273
-7873964988508728787
-7851729291581246182
-7850574093833656832
-7835001625563733160
-7765706079436143568
-7759724474971366432
-7730942365460279991
-7707210385745649003
-7704480823978555161
-7701146310330715459
-7691520927021304885
-7679588358271861367
-7676747240792253969
-7645296802475013239
-7644599537004155164
-7637380739124907847
-7630618429068968425
-7628648202394441829
-7577200118584219321
-7546779776820370507
-7524669425110307123
-7492194991062096494
-7438569364003731688
-7433417419540193547
-7433066542425676257
-7432877298048325961
-7431731640089358873
-7430906091163758569
-7413975340500708436
-7400763432550014357
-7385508288956376625
-7381107912831393225
-7375824709432464098
-7373400057503366500
-7343660087480134521
-7338033936477253138
-7336268841278737873
-7313053782567154191
-7239828384910312860
-7230641001997666568
-7227131971518632163
-7210133698395870091
-7205984153400345009
-7159719424968304066
-7156561280393607081
-7128029529480550106
-7118939236395883134
-7113168331246821391
-7113066292753958045
-7106116222965857193
-7097838650315970592
-7052277134840265318
-7049774890525440950
-7043727147021621650
-7027656639505971894
-7012337862294971277
-7006301753720001198
-6994829553268079294
-6990171557211560894
-6987488052371982792
-6984234962232892188
-6976520331421071172
-6968389134076890552
-6939131098863656544
-6920403477368055386
-6887782550241814679
-6875719804582575670
-6872665569647899180
-6866379752050979110
-6846593582949031505
-6829945446471743102
-6819903694263616464
-6784014621941590459
-6781929946719478573
-6780014214723902401
-6739511100801394404
-6728623172380851390
-6702591186738956316
-6694932376703597547
-6690078165882469216
-6668060690284104589
-6661960880403939674
-6634349171360851899
-6625068499577702334
-6615556790133573835
-6607540043884108170
-6604455208761386407
-6574886396051125415
-6569250960329600735
-6552406415741516715
-6550779486398546202
-6550545066114862330
-6496520472938187854
-6489247807523084109
-6480233982854542849
-6462580984130302325
-6458163254737451628
-6448630583496493372
-6439592461961231149
-6400335741019356724
-6395608766613949364
-6392247992244483465
-6359376737641508133
-6330858937784414427
-6326041318279649488
-6320770428374479959
-6264179773918780621
-6262309976560150198
-6224749350054738008
-6221868292187031098
-6213574972923336922
-6166915566582138939
-6155691480716624098
-6137486940202101956
-6136628087939685551
-6135988057840256099
-6128720039716016017
-6116023751070711568
-6091257404156524822
-6037359117370241270
-6012485250414915712
-6005649672784613639
-5979446568718322565
-5969886524735486147
-5943266425858858972
-5935198211638751032
-5896138681347503012
-5892618213359711963
-5881999410011829051
-5850360973113338962
-5832271154820900459
-5825303714848752395
-5791535718843360942
-5774558350916551631
-5718503511785980974
-5639574702929955994
-5616316448550568467
-5562536179114858537
-5493834044817975093
-5491487951623310117
-5467955111297363543
-5434462994013122968
-5413765894085136187
-5412059557198038575
-5396437306582450893
-5355700035600422288
-5345864620327391238
-5334812797877938745
-5304203097709961406
-5300810575076944830
-5297206222331411136
-5292230029373770169
-5285729281505239965
-5266784726031475982
-5255611152878854891
-5205428576762367288
-5202026480136425349
-5194650122013704291
-5194554864992375100
-5175270468769676547
-5145713264496176756
-5139355672902568252
-5131921344661176703
-5047376028959179630
-5039049894406960049
-5026438892634679944
-5025806917934157158
-5014850557076854950
-5003380330654877045
-4998157028039818716
-4995995637873858531
-4985368739945684728
-4978983396892346932
-4959861312731436262
-4952978191116915423
-4944110632090848105
-4925946671765080731
-4922993294085389751
-4890291109150313853
-4871196286219068685
-4856401925752506311
-4847570695608050276
-4830264492358905602
-4821372793601149644
-4794725115400294667
-4790129827251030175
-4742404317347748086
-4735669935067751643
-4734468248856863200
-4715989736961986134
-4714289721488369277
-4710430022217309877
-4685974458675020632
-4671131730891204067
-4668485185016459746
-4650423635605898513
-4630291613098980929
-4627822117194114869
-4615760119169452347
-4614321453289239476
-4600543041919197685
-4592443004788120537
-4590091451217975009
-4557889625171052027
-4556661702746921374
-4555988846634075603
-4546008378193906806
-4541974603686466187
-4537629167538224995
-4523815632828331220
-4520853844393406580
-4502362877089420046
-4491926581161234663
-4435940406409068152
-4427510521133710820
-4419045825015244786
-4394056225642648129
-4392629081350990232
-4389602842525082715
-4383451875129939574
-4374222276595996625
-4356653795393927413
-4345545424128360535
-4323431974458612738
-4312595345983838753
-4305040674475484353
-4302495175795005691
-4297814890691838077
-4293160679019350460
-4279078250176247271
-4251862855550555051
-4243345301219024082
-4192791681483723372
-4122723477252424445
-4091890751543137349
-4084911245774558283
-4059120040349074526
-4048659220263092096
-4040804245683816653
-4026765347363420896
-4011963149493339626
-3993871759316970574
-3947289465355260823
-3932961167265526179
-3869513144295569575
-3855802788418313811
-3838332584223332975
-3826852154851414856
-3819774210569412628
-3781394144290390651
-3754768893308019905
-3743912283781135336
-3711942702588786527
-3698929507582144197
-3626416066649781939
-3614937047554655371
-3560618851752008062
-3556215306123216045
-3542979092399386633
-3530037081409054400
-3515731707331961492
-3506122610871840047
-3468820765039342400
-3389340634145095106
-3346560584352594712
-3314727599178508071
-3291128390594451187
-3286260374228880805
-3282059218614738732
-3258700613239131604
-3223600608188959938
-3216179651772945644
-3187434933752758709
-3138172406965598739
-3132670226828522688
-3124937767139753099
-3124088217189685752
-3062763811434233998
-3060633654144075454
-3015628140296913426
-3011649593113427758
-2997819851360929953
-2994664081320451534
-2987894989660162966
-2979701653880357815
-2971130057552230465
-2960412504718064232
-2956059011642846984
-2950990784311670193
-2950645788097826027
-2939865047285437588
-2926796031183607678
-2897307965097521772
-2847128105708148641
-2840872073559467186
-2807767036867860107
-2783866792737997964
-2761823828650568137
-2760382585633629682
-2745561547294589983
-2739250857732104756
-2720289512607578053
-2719299615227708120
-2711451763971636434
-2708235461232075992
-2681074448058094830
-2670923770103224187
-2651669738705954917
-2578632123112594842
-2559639324674584654
-2556395317592387364
-2534642630820549116
-2527036886908266109
-2510527199586054178
-2507125437020647264
-2501137607574168036
-2497957750833238975
-2442613362081657545
-2427644189846545315
-2427285199721093604
-2426664195576112403
-2425388071263870186
-2413735604885552045
-2375226882263345560
-2358856001758813947
-2268211644426598825
-2264009199864024165
-2255053762305658826
-2249691066193379278
-2246420031381947800
-2233553790984977235
-2232106896422326786
-2215009291681688673
-2167827385245771419
-2165844859519513529
-2164030494737956868
-2160480443615041751
-2154304904776797229
-2133288503086596618
-2117341521556028217
-2100557204193491004
-2050258078427152845
-2017200440210366272
-1900203238579160990
-1787113378170960793
-1776005291483430906
-1759584905836619895
-1756570999890339755
-1746774891298128559
-1730028494919967004
-1694018935550918925
-1669312156258318715
-1640716746509576526
-1631581504426503455
-1613024068147078517
-1583907048793902019
-1571894122371347015
-1540681335976089339
-1540522057306098073
-1486402492965528758
-1483351264551506578
-1443187888255216230
-1429711992442159221
-1404811393755969501
-1396673986151504092
-1391578174533884020
-1369524139576186749
-1362584882438603697
-1335088638880967173
-1327717905973250089
-1322634378001029670
-1319178350933211924
-1297187017611175955
-1276633298621660098
-1273457302888895964
-1231691817188403721
-1121291944320659719
-1098451609745098634
-1088106269667823750
-1081735965074989226
-1078770202791903222
-1067264563599336380
-1050576797172993337
-1037642535962750710
-1029286219164382367
-965074379817630255
-957348415832067326
-930889785695346683
-917115603448347819
-909733101092444426
-896195736779371690
-896032771367856471
-851821863880088488
-844334518499854063
-819231175305325089
-781604220036002993
-778664866424325454
-774466411514659770
-765620254181276495
-711470736582838521
-696323331580473989
-668993992152659980
-652634747196453965
-628679461737287407
-579190416197389387
-575846394714541403
-573145158209355959
-532614259031357604
-485255239123551340
-471462988941304518
-470686224503818120
-460263957831047031
-460248192838029685
-450187399355398853
-449281156625094682
-435345015392274169
-370227940901530323
-346119007082313354
-326912627998063111
-324106385906952884
-323050314822685909
-295835684186878140
-247162362309703065
-246023396067793306
-218343084562315870
-164568933230319254
-142371836663665384
-118294586991314486
-92676276214590402
-90768332292210121
-90072961873790797
-20947125754451335
-20629967093973474
-15632735681141278
-3084677811688984
23803572758512063
33689535805374907
38487895421479704
39989067303851304
40775430850919740
44605145078924572
58014820550903910
75059004803560564
99017723765985004
110054083345747480
115367709189089774
131571834145062998
135809243355147016
166547874862281766
221597095759623768
234555052108192514
235041787158573395
242960892814307274
246852845404004811
266553044828976907
281093898785625582
291497435959985747
319754493464199235
324765842303971986
357940119336203939
361556735765223782
407055510878348601
463359426207126308
495383845975236407
506269428212478081
520118204649715457
533484132044768662
585652583125000428
599595839587600077
614164996692789093
635224290601190790
664071615440335054
686946047055955743
690110891024958962
696895415163712228
703665083745046431
716328838630158794
743186226343881958
772245842991641374
794824087723600356
804176707499646824
847360899064589969
857934660741562353
859062158963171012
863341107489564402
867162492864024407
876964166082639445
880530230964886190
912952418703004119
929915497187659873
939194102235764625
940357073128815209
949345857978822558
960352180792900099
996284032954798782
1068627863997631014
1128667492877307902
1132681363989899497
1181259615128710759
1226310027072580077
1229363059047315630
1231444329193513973
1251593361769977452
1296938130233707379
1315516234478959224
1375172339089828940
1379172476675282539
1383291085537665913
1386837234730519800
1403289833508696213
1412289226454837202
1524467780959426647
1555319783891913771
1562011882289289563
1573821499352371450
1602090405534455588
1607696658782661635
1622941927244758672
1636655735891466221
1660932767463944298
1672537834780407056
1699741185029225150
1732191576666603887
1739933836018473780
1752301347141997581
1774120877774532656
1791901766232610781
1804113976811020213
1821726572007854745
1847809731573654023
1857200675770445463
1864757534013526128
1867210526626192425
1995167363446740706
2044823373815836764
2085517494435817444
2095225157048311179
2107520007566055247
2131285596938901534
2132212376228991679
2160142737179808848
2164342887624539130
2168522902938725010
2178076400270732923
2201363750858881614
2210120247238037263
2212104857837266205
2217101045465683414
2236214460656197119
2251499914290279352
2262767585861039291
2268889793567518094
2272500163986490334
2277812697310471395
2285196625228164158
2342458912857741985
2368808051932577587
2370963606069007554
2438554591087862612
2445501607905401950
2449038919649165815
2461305401450134605
2469500292823200158
2484545552132507525
2489218201664057188
2560817809483905833
2605064182599470009
2628778155637100146
2629238740216707355
2726762148712119818
2857448719951318976
2858340979243188792
2877080389619136500
2902154893328319508
2922028956048663096
2930493806974308014
2931600916726702061
2933932731211860669
2964521145718535261
2972900197408272003
3000863120231809051
3012836651060436600
3076584284816379042
3077653097738589570
3100628949117362072
3100963446326075755
3126556086797950821
3139751982807636574
3152562913660575157
3159975890423881233
3167762650288182814
3176675967424386627
3189463312756554924
3211875793045501202
3229293352770651975
3235331902151396545
3240620227533306712
3246861221996430477
3266764151222883687
3302745260849401340
3318747846947540630
3344214867837781265
3406428844928406128
3406973162508527601
3408357420133141544
3422493668669619122
3426221739394689702
3467598245991186437
3498818239587962014
3506485685625997611
3510066805916877024
3523588113893101339
3563861934273880974
3568467369517668161
3614334143870364919
3631932099686414135
3722175521479114096
3722805806861191771
3732567009825916804
3795672447805690028
3830705296841464360
3833092599426629903
3853368462971039085
3853832808888677686
3885199203239038750
3887219553395020819
3897133935241950866
3916588602469956061
3921785147636762603
3932869443396657075
3934077249337577108
3937608664959630292
3940550361081641286
3942600004913077683
3981321223472012347
3997964561224028360
4026476060871308083
4030227159196175216
4050668274077192861
4073480888872327993
4078145454992724741
4094653004697505114
4103750949307573390
4108985921614870165
4116252971853162328
4117734559750843256
4140762935669111117
4142710948241247647
4164480349525706668
4166961806286579764
4183807140359550995
4210227033130350441
4218287129530993503
4246288277589125458
4246593930569523273
4283050220057619506
4361919790426545537
4390611158981341243
4396949760774620078
4404025531683210656
4420142012294047988
4428824181247834598
4430982950494888276
4433753107220940678
4439040097036883127
4440344532023200930
4457847616104235956
4490894676153584733
4498582530988476084
4503249867442409583
4519010041801814063
4528933140606504884
4608414843915974986
4638595371002514704
4646774982555948529
4669246150791520256
4686538662864350004
4695287411959975039
4711278839595844413
4721951083920358857
4847888544543996458
4861442503470843377
4876916298756145126
4881401260731323310
4882038816866361384
4883252923103432395
4885342791357000998
4886871726545275337
4893932394463702906
4901856009286174294
4916102262790510665
4919652538121585549
4921674707679687018
4934388494381607008
4983801349687657076
4985379153142569937
4986360315796850653
5025054077832919160
5038818316943726824
5059558343316563875
5082217345684613181
5098175564222929701
5098434952207900660
5109322406813461844
5114321525208023680
5150787452213955424
5161902594838192128
5176787536203766754
5197511342610498761
5226752992880919155
5226961372715432830
5271956657071226820
5273627798767871935
5276035032422384512
5289753970649571714
5305026779974300899
5367013849749935040
5370792807142404233
5376704668564594951
5446622736387406648
5447892897205292203
5450780279753306156
5458325777927740116
5501282128572936205
5538270557430812068
5545585524085730562
5561215471047507965
5564326042814319829
5631787094510018449
5641199166942394035
5642182279044024197
5658674876472184092
5659754978033848130
5661698816603796982
5677386935633878982
5683474734969682841
5686084207938322997
5686090821403788985
5694910325727170504
5727315159942070461
5733197789082669463
5749161246983416520
5817552222775457694
5843361727649930644
5843943385467130949
5906005213287323008
5908782899229585533
5912153146705359186
5923246628205295113
5953967662368459971
5975253734986875394
5981993493875831610
6022378680521984469
6055770394578245011
6070801350840706717
6083021394927129052
6123725598815171085
6129644645430686015
6152439543716889382
6189917317591296780
6245298173106009302
6264723055529600355
6278410512581726150
6297603457881431476
6305292345193274124
6365123685540066111
6383613514967687267
6440927082965161318
6444413497108316290
6473922320138097113
6483686617444358551
6500163195650644528
6533953693958427887
6548424097082727578
6554296716092651595
6569317853583780682
6602667097010786798
6632175453273940453
6636251931233139249
6648992441968698203
6684998282089462022
6697692341384417947
6715038033665152797
6721198174290826194
6740083170065046435
6775247317693884467
6777397266921128184
6779271429652708525
6786303660140972189
6811637530658914475
6815289719283858508
6852299096183697361
6868461973250206105
6879359277114973821
6915749438406745558
6992129389861175937
7007731674216772190
7015228239834960556
7045344980398203680
7047660310182322968
7069678293951624890
7074066508343430897
7094262023395792382
7122803335858101555
7180992940100271185
7194648940481625241
7208834835841435331
7218231118350324716
7235644091223805149
7247652548154193662
7257099444670150763
7274365313939813761
7285697629911881806
7300600651772724965
7303246862198268211
7316528696139171844
7326303012613214671
7356153365499563426
7373371469550095443
7400496757189728650
7401945286277374952
7402340106166243842
7425886242031089822
7428649657098627394
7434475894205069081
7488396591439030737
7491752968474699129
7508587164491067348
7521171392820220802
7525180805995795943
7530602778516890766
7550048527352572590
7559506423756559566
7572516072564643811
7573289469932824581
7579184085583196757
7622381166156241860
7631363521053187094
7645634703720787785
7648718302013935757
7678771182816861279
7684569809949790602
7734089686223816322
7754397315922940456
7768182583068337196
7790976924673350380
7793962053980621881
7804357039862661021
7820023603028023908
7823688031670178175
7824482382137830903
7863912316114236247
7871944324567188208
7912646023259044466
7919578493827231735
7923614534685709633
7937498886669819581
7938134391482116574
7950246377970016075
7981949591567364378
7995806554491962945
8000384661907337254
8013023006788041645
8038896834287797391
8055309160191609174
8061746174434741480
8093337042476533763
8101616172676329782
8101648908497641211
8140960186384477807
8142932288591806996
8162045933295706431
8203944905497258245
8225031661971700452
8264700697583860488
8273978963396588157
8320311569209963072
8326087413912038556
8349502976036735751
8362130550203908838
8364453266862217173
8369370143293333060
8417552583388020519
8431967360669549903
8441642546080804599
8465636410740441181
8485738550302511419
8491515376531577213
8518298247296394540
8532112596043851611
8562665092007310076
8653106508083603798
8654601631189771254
8661967325977031412
8698667858770080486
8699113940515712928
8702757597451724763
8712263059730666867
8730220601399249292
8735196930799910552
8735409993927537924
8850264774100592379
8865617363181132951
8898814064967025089
8914119666417408567
8927771952458704758
8931945303422901624
8941550237575540365
8946153133310678262
8947860557440382562
8962424633690989732
8983042683110990106
8996138767167616295
9029215585384811143
9063458277151814341
9071188617727667691
9074926066066732232
9091123428023829083
9094835722811037625
9095631536705683934
9103547534117517893
9120450444008639254
9132932487633595866
9181459449719895790
9193156314136984769
9199317288683954317
